@李岳霖(2)
2(19 20)
3(16 19 20)
#
@秦雪迪(1)
4(20)
5(20)
#
@于京池（3）
1（16）
2（16）
3（16）
7（10 16 20）
#
@科科（3） *10
2（18 19 20）
4（14 15 16 18 19 20）
6（14 15 16 18 19 20）
#
@陈湘冬(1)
1(15 16)
3(18 19)
4(14 15 16 18 19 20)
#
@万文娟(2)
1(18)
3(18)
4(18 19 20 )
5(18 19 20 21)
7(20 21)
#
@邓智亨（3） *10
1（20 21）
3（20 21）
5（20 21）
#
@李h瑶(3)
1(15 16 18 19)
3(14 15 16 18 19)
4(14 15 16)
5(18 19)
7(14 15 16 18 19)
#
@盛忠强（3）
1（16 20 21）
3（20 21）
5（20 21）
7（15 16 20 21）
#
@黄琳（2） *10
2（16 17 18 19）
7（14 15 16）
#
@刘文正(3)
1(14 15 16 20 21)
2(14 16 20 21)
3(14 16 20 21)
4(14 16 20 21)
5(14 16 20 21)
7(20 21)
#
@林育群(3)
1(15 16 18 19 21)
2(18 19 20 21)
3(14 15 16 18 19 20 21)
4(14 15 16 18 19 20 21)
5(14 15 16 18)
7(14 15 16 18 19 20 21)
#
@王婷（2）
2（13 14 15 16）
3（13 14 15 16）
#
@徐明畅（1）
2（19 20）
3（19 20）
#
@贾星衡(3)
2(14 15)
4(14 15)
6(14 15)
7(14 15)
#
@李修宇(1) *10
2(14 15)
#
@黄松皓(2) *15
1(15 16 20 21)
2(20 21)
3(20 21)
#
@向闻天（3）
2（16 17 18 19 20 21）
3（16 17 18 19 20 21）
4（14 15 16 17）
5（10 11 16 17 18 19 20 21）
6（14 15 16 17 18 19 20 21）
#
@任净萱（2）
1（18 19）
2（18 19）
3（18 19）
4（14 18）
5（18）
6（14 15 16）
#
@王安澜(2)
4(14 15 16 19 20 21)
6(14 15 16 19 20 21)
7(14 15 16 19 20 21)
#
@王乐维(3)
1(16 18)
3(14 15 16)
4(14 15 16)
#
@陈相凝（2）
1 （15 16)
2 (18 19 20）
3 (14 15 16 18 19 20）
#
