@王乐维(3) *10
1(16 18 19)
2(15 16)
3(15 16)
4(19 20 21)
5(15 16)
#
@小万（1)
1(13)
#
@褚文俊(3)
1(18 19)
2(18 19 21)
3(18 19 20 21)
4(19 20 21)
5(18 19 20 21)
#
@王婷（2） *20
2（18 19）
3（18 19）
4（18 19）
#
@陈相凝（1） *10
1（18 19）
2（18 19）
3（18 19）
#
@田冰（2） *10
1（19）
2（19）
3（20）
4（20）
#
@王安澜(2) *20
1(16 18 19)
7(15 16 18 20 21)
#
@黄琳（3）
2（16 18 19 21）
3（18 19 20 21）
5（18 19 20 21）
#
@李h瑶(2)
3(15 16)
4(15)
5(15 16)
7(15 16)
#
@陈安滢(3)
2(19 21)
3(20 21)
4(20 21)
5(20 21)
7(20 21)
#
@吕志远（3） *10
1(16 18 19)
3(15 16 18 19 20 21)
5(15 16 18 19 20 21)
#
@张思韬(5)
2(15 16 18 19 21)
3(15 16 18 19 20 21)
4(15 19 20 21)
5(15 16 18 19 20 21)
7(15 16 18 20 21)
#
@孟泽(2) *10
1(19 20 21)
2(20 21)
3(19 20 21)
4(19 20 21)
5(19 20 21)
6(19 20 21)
7(19 20 21)
#
@王若琳(3) *10
2(19 21)
3(19 20 21)
5(19 20 21)
#
@贾星衡(3)
3(15 16 19 20 21)
5(15 16 19 20 21)
7(15 16 20 21)
#